0.0 2.0
0.1 2.2
0.2 4.4
0.30000000000000004 4.6
0.4 3.8
0.5 3.0
0.6000000000000001 4.2
0.7000000000000001 3.4000000000000004
0.8 4.6
0.9 3.8
1.0 4.0
1.1 4.2
1.2000000000000002 5.4
1.3 5.6
1.4000000000000001 5.800000000000001
1.5 5.0
1.6 6.2
1.7000000000000002 5.4
1.8 6.6
1.9000000000000001 7.800000000000001
2.0 8.0
2.1 7.2
2.2 8.4
2.3000000000000003 6.6000000000000005
2.4000000000000004 7.800000000000001
2.5 8.0
2.6 8.2
2.7 7.4
2.8000000000000003 7.600000000000001
2.9000000000000004 8.8
3.0 10.0
3.1 10.2
3.2 8.4
3.3000000000000003 8.600000000000001
3.4000000000000004 8.8
3.5 10.0
3.6 9.2
3.7 10.4
3.8000000000000003 11.600000000000001
3.9000000000000004 9.8
4.0 11.0
4.1000000000000005 12.200000000000001
4.2 10.4
4.3 12.6
4.4 10.8
4.5 11.0
4.6000000000000005 11.200000000000001
4.7 13.4
4.800000000000001 13.600000000000001
4.9 13.8
5.0 14.0
5.1000000000000005 12.200000000000001
5.2 12.4
5.300000000000001 12.600000000000001
5.4 13.8
5.5 14.0
5.6000000000000005 14.200000000000001
5.7 14.4
5.800000000000001 14.600000000000001
5.9 15.8
6.0 14.0
6.1000000000000005 15.200000000000001
6.2 14.4
6.300000000000001 16.6
6.4 15.8
6.5 15.0
6.6000000000000005 16.200000000000003
6.7 16.4
6.800000000000001 16.6
6.9 17.8
7.0 16.0
7.1000000000000005 18.200000000000003
7.2 18.4
7.300000000000001 18.6
7.4 17.8
7.5 17.0
7.6000000000000005 19.200000000000003
7.7 18.4
7.800000000000001 18.6
7.9 19.8
8.0 20.0
8.1 19.2
8.200000000000001 19.400000000000002
8.3 19.6
8.4 19.8
8.5 21.0
8.6 20.2
8.700000000000001 20.400000000000002
8.8 20.6
8.9 21.8
9.0 21.0
9.1 21.2
9.200000000000001 22.400000000000002
9.3 20.6
9.4 22.8
9.5 22.0
9.600000000000001 21.200000000000003
9.700000000000001 22.400000000000002
9.8 21.6
9.9 21.8
10.0 22.0
10.100000000000001 23.200000000000003
10.200000000000001 23.400000000000002
10.3 24.6
10.4 22.8
10.5 23.0
10.600000000000001 23.200000000000003
10.700000000000001 23.400000000000002
10.8 24.6
10.9 24.8
11.0 26.0
11.100000000000001 24.200000000000003
11.200000000000001 24.400000000000002
11.3 26.6
11.4 26.8
11.5 26.0
11.600000000000001 25.200000000000003
11.700000000000001 25.400000000000002
11.8 25.6
11.9 25.8
12.0 26.0
12.100000000000001 27.200000000000003
12.200000000000001 27.400000000000002
12.3 28.6
12.4 27.8
12.5 28.0
12.600000000000001 27.200000000000003
12.700000000000001 28.400000000000002
12.8 29.6
12.9 28.8
13.0 30.0
13.100000000000001 29.200000000000003
13.200000000000001 28.400000000000002
13.3 29.6
13.4 28.8
13.5 31.0
13.600000000000001 30.200000000000003
13.700000000000001 31.400000000000002
13.8 31.6
13.9 29.8
14.0 30.0
14.100000000000001 32.2
14.200000000000001 30.400000000000002
14.3 31.6
14.4 32.8
14.5 31.0
14.600000000000001 32.2
14.700000000000001 31.400000000000006
14.8 31.6
14.9 32.8
15.0 34.0
15.100000000000001 32.2
15.200000000000001 33.400000000000006
15.3 32.6
15.4 32.8
15.5 33.0
15.600000000000001 34.2
15.700000000000001 33.400000000000006
15.8 33.6
15.9 35.8
16.0 35.0
16.1 36.2
16.2 36.4
16.3 36.6
16.400000000000002 35.800000000000004
16.5 35.0
16.6 36.2
16.7 37.4
16.8 35.6
16.900000000000002 37.800000000000004
17.0 36.0
17.1 36.2
17.2 36.4
17.3 38.6
17.400000000000002 36.800000000000004
17.5 39.0
17.6 39.2
17.7 37.4
17.8 38.6
17.900000000000002 39.800000000000004
18.0 40.0
18.1 38.2
18.2 38.4
18.3 39.6
18.400000000000002 38.800000000000004
18.5 41.0
18.6 41.2
18.7 41.4
18.8 40.6
18.900000000000002 39.800000000000004
19.0 42.0
19.1 41.2
19.200000000000003 41.400000000000006
19.3 40.6
19.400000000000002 42.800000000000004
19.5 43.0
19.6 43.2
19.700000000000003 43.400000000000006
19.8 41.6
19.900000000000002 43.800000000000004
20.0 44.0
20.1 43.2
20.200000000000003 43.400000000000006
20.3 44.6
20.400000000000002 44.800000000000004
20.5 43.0
20.6 44.2
20.700000000000003 43.400000000000006
20.8 43.6
20.900000000000002 44.800000000000004
21.0 44.0
21.1 46.2
21.200000000000003 45.400000000000006
21.3 44.6
21.400000000000002 45.800000000000004
21.5 47.0
21.6 45.2
21.700000000000003 45.400000000000006
21.8 46.6
21.900000000000002 47.800000000000004
22.0 48.0
22.1 48.2
22.200000000000003 47.400000000000006
22.3 46.6
22.400000000000002 47.800000000000004
22.5 49.0
22.6 49.2
22.700000000000003 49.400000000000006
22.8 48.6
22.900000000000002 49.800000000000004
23.0 49.0
23.1 49.2
23.200000000000003 50.400000000000006
23.3 50.6
23.400000000000002 50.800000000000004
23.5 50.0
23.6 49.2
23.700000000000003 49.400000000000006
23.8 50.6
23.900000000000002 49.800000000000004
24.0 51.0
24.1 52.2
24.200000000000003 52.400000000000006
24.3 50.6
24.400000000000002 52.800000000000004
24.5 52.0
24.6 52.2
24.700000000000003 52.400000000000006
24.8 52.6
24.900000000000002 53.800000000000004
25.0 54.0
25.1 53.2
25.200000000000003 53.400000000000006
25.3 52.6
25.400000000000002 53.800000000000004
25.5 53.0
25.6 54.2
25.700000000000003 54.400000000000006
25.8 55.6
25.900000000000002 53.800000000000004
26.0 56.0
26.1 56.2
26.200000000000003 55.400000000000006
26.3 54.6
26.400000000000002 56.800000000000004
26.5 55.0
26.6 57.2
26.700000000000003 57.400000000000006
26.8 55.6
26.900000000000002 56.800000000000004
27.0 56.0
27.1 56.2
27.200000000000003 57.400000000000006
27.3 56.6
27.400000000000002 58.800000000000004
27.5 59.0
27.6 59.2
27.700000000000003 59.400000000000006
27.8 58.6
27.900000000000002 59.800000000000004
28.0 59.0
28.1 60.2
28.200000000000003 60.400000000000006
28.3 59.6
28.400000000000002 59.800000000000004
28.5 60.0
28.6 59.2
28.700000000000003 60.400000000000006
28.8 59.6
28.900000000000002 60.800000000000004
29.0 60.0
29.1 62.2
29.200000000000003 61.400000000000006
29.3 62.6
29.400000000000002 61.800000000000004
29.5 62.0
29.6 63.2
29.700000000000003 63.400000000000006
29.8 63.6
29.900000000000002 61.800000000000004
30.0 64.0
30.1 63.2
30.200000000000003 62.400000000000006
30.3 62.6
30.400000000000002 62.800000000000004
30.5 65.0
30.6 65.2
30.700000000000003 63.400000000000006
30.8 64.6
30.900000000000002 65.80000000000001
31.0 65.0
31.1 64.2
31.200000000000003 66.4
31.3 65.6
31.400000000000002 65.80000000000001
31.5 66.0
31.6 65.2
31.700000000000003 66.4
31.8 66.6
31.900000000000002 66.80000000000001
32.0 66.0
32.1 66.2
32.2 67.4
32.300000000000004 66.60000000000001
32.4 66.8
32.5 67.0
32.6 69.2
32.7 68.4
32.800000000000004 68.60000000000001
32.9 69.8
33.0 69.0
33.1 68.2
33.2 70.4
33.300000000000004 69.60000000000001
33.4 70.8
33.5 70.0
33.6 70.2
33.7 71.4
33.800000000000004 71.60000000000001
33.9 70.8
34.0 70.0
34.1 71.2
34.2 70.4
34.300000000000004 71.60000000000001
34.4 70.8
34.5 71.0
34.6 73.2
34.7 71.4
34.800000000000004 71.60000000000001
34.9 73.8
35.0 73.0
35.1 73.2
35.2 72.4
35.300000000000004 73.60000000000001
35.4 74.8
35.5 74.0
35.6 75.2
35.7 73.4
35.800000000000004 73.60000000000001
35.9 75.8
36.0 75.0
36.1 76.2
36.2 76.4
36.300000000000004 76.60000000000001
36.4 74.8
36.5 77.0
36.6 76.2
36.7 75.4
36.800000000000004 77.60000000000001
36.9 77.8
37.0 78.0
37.1 76.2
37.2 78.4
37.300000000000004 78.60000000000001
37.4 77.8
37.5 79.0
37.6 79.2
37.7 77.4
37.800000000000004 77.60000000000001
37.9 78.8
38.0 79.0
38.1 80.2
38.2 78.4
38.300000000000004 80.60000000000001
38.400000000000006 78.80000000000001
38.5 81.0
38.6 80.2
38.7 79.4
38.800000000000004 80.60000000000001
38.900000000000006 79.80000000000001
39.0 81.0
39.1 81.2
39.2 82.4
39.300000000000004 82.60000000000001
39.400000000000006 80.80000000000001
39.5 81.0
39.6 83.2
39.7 83.4
39.800000000000004 83.60000000000001
39.900000000000006 83.80000000000001
40.0 83.0
40.1 82.2
40.2 83.4
40.300000000000004 83.60000000000001
40.400000000000006 84.80000000000001
40.5 83.0
40.6 85.2
40.7 85.4
40.800000000000004 84.60000000000001
40.900000000000006 83.80000000000001
41.0 85.0
41.1 85.2
41.2 85.4
41.300000000000004 86.60000000000001
41.400000000000006 86.80000000000001
41.5 85.0
41.6 86.2
41.7 86.4
41.800000000000004 87.60000000000001
41.900000000000006 86.80000000000001
42.0 87.0
42.1 88.2
42.2 88.4
42.300000000000004 88.60000000000001
42.400000000000006 87.80000000000001
42.5 87.0
42.6 87.2
42.7 88.4
42.800000000000004 87.60000000000001
42.900000000000006 89.80000000000001
43.0 90.0
43.1 88.2
43.2 90.4
43.300000000000004 88.60000000000001
43.400000000000006 89.80000000000001
43.5 91.0
43.6 90.2
43.7 91.4
43.800000000000004 90.60000000000001
43.900000000000006 89.80000000000001
44.0 91.0
44.1 92.2
44.2 91.4
44.300000000000004 92.60000000000001
44.400000000000006 92.80000000000001
44.5 91.0
44.6 91.2
44.7 91.4
44.800000000000004 92.60000000000001
44.900000000000006 92.80000000000001
45.0 94.0
45.1 94.2
45.2 92.4
45.300000000000004 93.60000000000001
45.400000000000006 92.80000000000001
45.5 93.0
45.6 95.2
45.7 95.4
45.800000000000004 93.60000000000001
45.900000000000006 95.80000000000001
46.0 96.0
46.1 96.2
46.2 96.4
46.300000000000004 96.60000000000001
46.400000000000006 95.80000000000001
46.5 97.0
46.6 95.2
46.7 96.4
46.800000000000004 97.60000000000001
46.900000000000006 96.80000000000001
47.0 97.0
47.1 97.2
47.2 98.4
47.300000000000004 97.60000000000001
47.400000000000006 96.80000000000001
47.5 97.0
47.6 98.2
47.7 97.4
47.800000000000004 98.60000000000001
47.900000000000006 97.80000000000001
48.0 98.0
48.1 98.2
48.2 100.4
48.300000000000004 99.60000000000001
48.400000000000006 100.80000000000001
48.5 101.0
48.6 99.2
48.7 101.4
48.800000000000004 99.60000000000001
48.900000000000006 101.80000000000001
49.0 101.0
49.1 100.2
49.2 101.4
49.300000000000004 101.60000000000001
49.400000000000006 102.80000000000001
49.5 103.0
49.6 101.2
49.7 103.4
49.800000000000004 101.60000000000001
49.900000000000006 103.80000000000001
50.0 103.0
50.1 102.2
50.2 103.4
50.300000000000004 104.60000000000001
50.400000000000006 104.80000000000001
50.5 103.0
50.6 103.2
50.7 105.4
50.800000000000004 103.60000000000001
50.900000000000006 104.80000000000001
51.0 104.0
51.1 104.2
51.2 106.4
51.300000000000004 104.60000000000001
51.400000000000006 104.80000000000001
51.5 105.0
51.6 106.2
51.7 107.4
51.800000000000004 106.60000000000001
51.900000000000006 106.80000000000001
52.0 106.0
52.1 107.2
52.2 108.4
52.300000000000004 106.60000000000001
52.400000000000006 107.80000000000001
52.5 107.0
52.6 107.2
52.7 109.4
52.800000000000004 109.60000000000001
52.900000000000006 108.80000000000001
53.0 110.0
53.1 108.2
53.2 110.4
53.300000000000004 108.60000000000001
53.400000000000006 110.80000000000001
53.5 110.0
53.6 109.2
53.7 111.4
53.800000000000004 109.60000000000001
53.900000000000006 111.80000000000001
54.0 112.0
54.1 112.2
54.2 112.4
54.300000000000004 111.60000000000001
54.400000000000006 110.80000000000001
54.5 112.0
54.6 113.2
54.7 111.4
54.800000000000004 113.60000000000001
54.900000000000006 112.80000000000001
55.0 114.0
55.1 114.2
55.2 114.4
55.300000000000004 112.60000000000001
55.400000000000006 113.80000000000001
55.5 115.0
55.6 113.2
55.7 115.4
55.800000000000004 114.60000000000001
55.900000000000006 115.80000000000001
56.0 115.0
56.1 116.2
56.2 116.4
56.300000000000004 114.60000000000001
56.400000000000006 116.80000000000001
56.5 115.0
56.6 117.2
56.7 116.4
56.800000000000004 115.60000000000001
56.900000000000006 117.80000000000001
57.0 117.0
57.1 117.2
57.2 116.4
57.300000000000004 118.60000000000001
57.400000000000006 116.80000000000001
57.5 119.0
57.6 119.2
57.7 118.4
57.800000000000004 119.60000000000001
57.900000000000006 118.80000000000001
58.0 118.0
58.1 120.2
58.2 118.4
58.300000000000004 120.60000000000001
58.400000000000006 120.80000000000001
58.5 120.0
58.6 120.2
58.7 121.4
58.800000000000004 119.60000000000001
58.900000000000006 120.80000000000001
59.0 121.0
59.1 120.2
59.2 121.4
59.300000000000004 122.60000000000001
59.400000000000006 121.80000000000001
59.5 122.0
59.6 122.2
59.7 122.4
59.800000000000004 123.60000000000001
59.900000000000006 121.80000000000001
60.0 123.0
60.1 122.2
60.2 123.4
60.300000000000004 124.60000000000001
60.400000000000006 123.80000000000001
60.5 123.0
60.6 124.2
60.7 125.4
60.800000000000004 124.60000000000001
60.900000000000006 124.80000000000001
61.0 124.0
61.1 125.2
61.2 124.4
61.300000000000004 124.60000000000001
61.400000000000006 124.80000000000001
61.5 125.0
61.6 126.2
61.7 126.4
61.800000000000004 126.60000000000001
61.900000000000006 125.80000000000001
62.0 126.0
62.1 126.2
62.2 127.4
62.300000000000004 128.60000000000002
62.400000000000006 128.8
62.5 127.0
62.6 128.2
62.7 129.4
62.800000000000004 129.60000000000002
62.900000000000006 128.8
63.0 130.0
63.1 128.2
63.2 129.4
63.300000000000004 128.60000000000002
63.400000000000006 130.8
63.5 129.0
63.6 131.2
63.7 130.4
63.800000000000004 129.60000000000002
63.900000000000006 130.8
64.0 130.0
64.10000000000001 131.20000000000002
64.2 131.4
64.3 131.6
64.4 131.8
64.5 133.0
64.60000000000001 133.20000000000002
64.7 133.4
64.8 133.6
64.9 131.8
65.0 132.0
65.10000000000001 134.20000000000002
65.2 134.4
65.3 132.6
65.4 133.8
65.5 135.0
65.60000000000001 133.20000000000002
65.7 134.4
65.8 135.6
65.9 133.8
66.0 136.0
66.10000000000001 136.20000000000002
66.2 136.4
66.3 136.6
66.4 136.8
66.5 135.0
66.60000000000001 135.20000000000002
66.7 135.4
66.8 136.6
66.9 135.8
67.0 136.0
67.10000000000001 137.20000000000002
67.2 136.4
67.3 136.6
67.4 137.8
67.5 137.0
67.60000000000001 139.20000000000002
67.7 138.4
67.8 138.6
67.9 139.8
68.0 139.0
68.10000000000001 138.20000000000002
68.2 140.4
68.3 140.6
68.4 139.8
68.5 140.0
68.60000000000001 141.20000000000002
68.7 139.4
68.8 140.6
68.9 139.8
69.0 140.0
69.10000000000001 141.20000000000002
69.2 142.4
69.3 140.6
69.4 140.8
69.5 143.0
69.60000000000001 141.20000000000002
69.7 142.4
69.8 141.6
69.9 142.8
70.0 144.0
70.10000000000001 142.20000000000002
70.2 142.4
70.3 142.6
70.4 144.8
70.5 144.0
70.60000000000001 145.20000000000002
70.7 145.4
70.8 143.6
70.9 144.8
71.0 144.0
71.10000000000001 144.20000000000002
71.2 146.4
71.3 145.6
71.4 144.8
71.5 146.0
71.60000000000001 146.20000000000002
71.7 145.4
71.8 146.6
71.9 145.8
72.0 147.0
72.10000000000001 146.20000000000002
72.2 148.4
72.3 146.6
72.4 147.8
72.5 147.0
72.60000000000001 149.20000000000002
72.7 147.4
72.8 148.6
72.9 147.8
73.0 148.0
73.10000000000001 149.20000000000002
73.2 150.4
73.3 149.6
73.4 149.8
73.5 149.0
73.60000000000001 149.20000000000002
73.7 150.4
73.8 150.6
73.9 151.8
74.0 152.0
74.10000000000001 151.20000000000002
74.2 150.4
74.3 150.6
74.4 150.8
74.5 151.0
74.60000000000001 152.20000000000002
74.7 152.4
74.8 152.6
74.9 153.8
75.0 152.0
75.10000000000001 152.20000000000002
75.2 152.4
75.3 152.6
75.4 152.8
75.5 154.0
75.60000000000001 153.20000000000002
75.7 155.4
75.8 153.6
75.9 153.8
76.0 155.0
76.10000000000001 155.20000000000002
76.2 154.4
76.3 154.6
76.4 154.8
76.5 157.0
76.60000000000001 156.20000000000002
76.7 156.4
76.80000000000001 157.60000000000002
76.9 155.8
77.0 158.0
77.10000000000001 158.20000000000002
77.2 158.4
77.30000000000001 157.60000000000002
77.4 157.8
77.5 158.0
77.60000000000001 157.20000000000002
77.7 158.4
77.80000000000001 159.60000000000002
77.9 158.8
78.0 159.0
78.10000000000001 159.20000000000002
78.2 160.4
78.30000000000001 160.60000000000002
78.4 160.8
78.5 161.0
78.60000000000001 159.20000000000002
78.7 159.4
78.80000000000001 161.60000000000002
78.9 159.8
79.0 160.0
79.10000000000001 160.20000000000002
79.2 162.4
79.30000000000001 162.60000000000002
79.4 161.8
79.5 162.0
79.60000000000001 162.20000000000002
79.7 163.4
79.80000000000001 162.60000000000002
79.9 163.8
80.0 163.0
80.10000000000001 164.20000000000002
80.2 163.4
80.30000000000001 162.60000000000002
80.4 163.8
80.5 165.0
80.60000000000001 164.20000000000002
80.7 165.4
80.80000000000001 165.60000000000002
80.9 164.8
81.0 164.0
81.10000000000001 165.20000000000002
81.2 164.4
81.30000000000001 165.60000000000002
81.4 165.8
81.5 165.0
81.60000000000001 166.20000000000002
81.7 167.4
81.80000000000001 166.60000000000002
81.9 166.8
82.0 168.0
82.10000000000001 166.20000000000002
82.2 167.4
82.30000000000001 167.60000000000002
82.4 167.8
82.5 169.0
82.60000000000001 168.20000000000002
82.7 167.4
82.80000000000001 169.60000000000002
82.9 169.8
83.0 170.0
83.10000000000001 170.20000000000002
83.2 168.4
83.30000000000001 169.60000000000002
83.4 168.8
83.5 170.0
83.60000000000001 170.20000000000002
83.7 169.4
83.80000000000001 170.60000000000002
83.9 169.8
84.0 171.0
84.10000000000001 172.20000000000002
84.2 170.4
84.30000000000001 171.60000000000002
84.4 171.8
84.5 171.0
84.60000000000001 172.20000000000002
84.7 172.4
84.80000000000001 172.60000000000002
84.9 172.8
85.0 172.0
85.10000000000001 172.20000000000002
85.2 172.4
85.30000000000001 174.60000000000002
85.4 172.8
85.5 173.0
85.60000000000001 173.20000000000002
85.7 174.4
85.80000000000001 173.60000000000002
85.9 175.8
86.0 174.0
86.10000000000001 175.20000000000002
86.2 176.4
86.30000000000001 176.60000000000002
86.4 176.8
86.5 176.0
86.60000000000001 177.20000000000002
86.7 175.4
86.80000000000001 177.60000000000002
86.9 175.8
87.0 176.0
87.10000000000001 177.20000000000002
87.2 176.4
87.30000000000001 176.60000000000002
87.4 176.8
87.5 179.0
87.60000000000001 178.20000000000002
87.7 178.4
87.80000000000001 179.60000000000002
87.9 179.8
88.0 179.0
88.10000000000001 179.20000000000002
88.2 178.4
88.30000000000001 180.60000000000002
88.4 178.8
88.5 181.0
88.60000000000001 180.20000000000002
88.7 181.4
88.80000000000001 180.60000000000002
88.9 181.8
89.0 181.0
89.10000000000001 181.20000000000002
89.2 182.4
89.30000000000001 180.60000000000002
89.4 181.8
89.5 182.0
89.60000000000001 183.20000000000002
89.7 183.4
89.80000000000001 182.60000000000002
89.9 183.8
90.0 183.0
90.10000000000001 184.20000000000002
90.2 184.4
90.30000000000001 182.60000000000002
90.4 183.8
90.5 184.0
90.60000000000001 184.20000000000002
90.7 183.4
90.80000000000001 183.60000000000002
90.9 184.8
91.0 186.0
91.10000000000001 186.20000000000002
91.2 185.4
91.30000000000001 186.60000000000002
91.4 185.8
91.5 187.0
91.60000000000001 187.20000000000002
91.7 187.4
91.80000000000001 187.60000000000002
91.9 185.8
92.0 187.0
92.10000000000001 186.20000000000002
92.2 187.4
92.30000000000001 187.60000000000002
92.4 186.8
92.5 189.0
92.60000000000001 189.20000000000002
92.7 189.4
92.80000000000001 187.60000000000002
92.9 188.8
93.0 190.0
93.10000000000001 188.20000000000002
93.2 189.4
93.30000000000001 188.60000000000002
93.4 188.8
93.5 191.0
93.60000000000001 189.20000000000002
93.7 191.4
93.80000000000001 191.60000000000002
93.9 189.8
94.0 190.0
94.10000000000001 192.20000000000002
94.2 190.4
94.30000000000001 192.60000000000002
94.4 190.8
94.5 193.0
94.60000000000001 192.20000000000002
94.7 193.4
94.80000000000001 191.60000000000002
94.9 193.8
95.0 194.0
95.10000000000001 194.20000000000002
95.2 192.4
95.30000000000001 192.60000000000002
95.4 194.8
95.5 193.0
95.60000000000001 195.20000000000002
95.7 195.4
95.80000000000001 195.60000000000002
95.9 195.8
96.0 196.0
96.10000000000001 196.20000000000002
96.2 194.4
96.30000000000001 194.60000000000002
96.4 195.8
96.5 196.0
96.60000000000001 196.20000000000002
96.7 195.4
96.80000000000001 196.60000000000002
96.9 196.8
97.0 197.0
97.10000000000001 198.20000000000002
97.2 198.4
97.30000000000001 196.60000000000002
97.4 197.8
97.5 199.0
97.60000000000001 199.20000000000002
97.7 198.4
97.80000000000001 197.60000000000002
97.9 197.8
98.0 198.0
98.10000000000001 199.20000000000002
98.2 199.4
98.30000000000001 198.60000000000002
98.4 198.8
98.5 201.0
98.60000000000001 200.20000000000002
98.7 199.4
98.80000000000001 201.60000000000002
98.9 200.8
99.0 200.0
99.10000000000001 201.20000000000002
99.2 201.4
99.30000000000001 202.60000000000002
99.4 200.8
99.5 203.0
99.60000000000001 202.20000000000002
99.7 201.4
99.80000000000001 203.60000000000002
99.9 203.8
100.0 202.0
100.10000000000001 204.20000000000002
100.2 204.4
100.30000000000001 202.60000000000002
100.4 204.8
100.5 204.0
100.60000000000001 205.20000000000002
100.7 203.4
100.80000000000001 203.60000000000002
100.9 203.8
101.0 205.0
101.10000000000001 204.20000000000002
101.2 205.4
101.30000000000001 204.60000000000002
101.4 204.8
101.5 207.0
101.60000000000001 207.20000000000002
101.7 207.4
101.80000000000001 205.60000000000002
101.9 207.8
102.0 208.0
102.10000000000001 207.20000000000002
102.2 207.4
102.30000000000001 207.60000000000002
102.4 206.8
102.5 208.0
102.60000000000001 208.20000000000002
102.7 207.4
102.80000000000001 207.60000000000002
102.9 209.8
103.0 208.0
103.10000000000001 210.20000000000002
103.2 210.4
103.30000000000001 210.60000000000002
103.4 210.8
103.5 209.0
103.60000000000001 210.20000000000002
103.7 211.4
103.80000000000001 211.60000000000002
103.9 211.8
104.0 210.0
104.10000000000001 211.20000000000002
104.2 211.4
104.30000000000001 211.60000000000002
104.4 211.8
104.5 213.0
104.60000000000001 213.20000000000002
104.7 211.4
104.80000000000001 212.60000000000002
104.9 211.8
105.0 213.0
105.10000000000001 214.20000000000002
105.2 212.4
105.30000000000001 214.60000000000002
105.4 214.8
105.5 213.0
105.60000000000001 213.20000000000002
105.7 213.4
105.80000000000001 215.60000000000002
105.9 215.8
106.0 214.0
106.10000000000001 215.20000000000002
106.2 215.4
106.30000000000001 216.60000000000002
106.4 216.8
106.5 215.0
106.60000000000001 217.20000000000002
106.7 217.4
106.80000000000001 217.60000000000002
106.9 215.8
107.0 216.0
107.10000000000001 217.20000000000002
107.2 218.4
107.30000000000001 218.60000000000002
107.4 216.8
107.5 217.0
107.60000000000001 217.20000000000002
107.7 219.4
107.80000000000001 219.60000000000002
107.9 217.8
108.0 218.0
108.10000000000001 219.20000000000002
108.2 219.4
108.30000000000001 220.60000000000002
108.4 220.8
108.5 220.0
108.60000000000001 220.20000000000002
108.7 221.4
108.80000000000001 221.60000000000002
108.9 221.8
109.0 220.0
109.10000000000001 221.20000000000002
109.2 222.4
109.30000000000001 221.60000000000002
109.4 220.8
109.5 223.0
109.60000000000001 222.20000000000002
109.7 223.4
109.80000000000001 221.60000000000002
109.9 222.8
110.0 223.0
110.10000000000001 222.20000000000002
110.2 224.4
110.30000000000001 223.60000000000002
110.4 223.8
110.5 224.0
110.60000000000001 223.20000000000002
110.7 225.4
110.80000000000001 224.60000000000002
110.9 223.8
111.0 225.0
111.10000000000001 224.20000000000002
111.2 226.4
111.30000000000001 226.60000000000002
111.4 225.8
111.5 227.0
111.60000000000001 227.20000000000002
111.7 227.4
111.80000000000001 227.60000000000002
111.9 226.8
112.0 228.0
112.10000000000001 226.20000000000002
112.2 227.4
112.30000000000001 228.60000000000002
112.4 227.8
112.5 229.0
112.60000000000001 228.20000000000002
112.7 227.4
112.80000000000001 227.60000000000002
112.9 227.8
113.0 230.0
113.10000000000001 230.20000000000002
113.2 230.4
113.30000000000001 228.60000000000002
113.4 228.8
113.5 231.0
113.60000000000001 229.20000000000002
113.7 231.4
113.80000000000001 230.60000000000002
113.9 230.8
114.0 232.0
114.10000000000001 232.20000000000002
114.2 231.4
114.30000000000001 232.60000000000002
114.4 231.8
114.5 232.0
114.60000000000001 233.20000000000002
114.7 231.4
114.80000000000001 232.60000000000002
114.9 232.8
115.0 233.0
115.10000000000001 233.20000000000002
115.2 233.4
115.30000000000001 233.60000000000002
115.4 232.8
115.5 233.0
115.60000000000001 233.20000000000002
115.7 234.4
115.80000000000001 235.60000000000002
115.9 235.8
116.0 235.0
116.10000000000001 234.20000000000002
116.2 234.4
116.30000000000001 234.60000000000002
116.4 235.8
116.5 236.0
116.60000000000001 237.20000000000002
116.7 235.4
116.80000000000001 237.60000000000002
116.9 235.8
117.0 237.0
117.10000000000001 238.20000000000002
117.2 237.4
117.30000000000001 238.60000000000002
117.4 237.8
117.5 238.0
117.60000000000001 238.20000000000002
117.7 239.4
117.80000000000001 237.60000000000002
117.9 237.8
118.0 239.0
118.10000000000001 240.20000000000002
118.2 240.4
118.30000000000001 240.60000000000002
118.4 240.8
118.5 239.0
118.60000000000001 240.20000000000002
118.7 241.4
118.80000000000001 239.60000000000002
118.9 241.8
119.0 242.0
119.10000000000001 242.20000000000002
119.2 240.4
119.30000000000001 240.60000000000002
119.4 241.8
119.5 242.0
119.60000000000001 241.20000000000002
119.7 243.4
119.80000000000001 243.60000000000002
119.9 242.8
120.0 244.0
120.10000000000001 244.20000000000002
120.2 244.4
120.30000000000001 242.60000000000002
120.4 244.8
120.5 244.0
120.60000000000001 245.20000000000002
120.7 245.4
120.80000000000001 243.60000000000002
120.9 243.8
121.0 246.0
121.10000000000001 245.20000000000002
121.2 245.4
121.30000000000001 246.60000000000002
121.4 245.8
121.5 246.0
121.60000000000001 247.20000000000002
121.7 247.4
121.80000000000001 247.60000000000002
121.9 245.8
122.0 246.0
122.10000000000001 248.20000000000002
122.2 248.4
122.30000000000001 248.60000000000002
122.4 248.8
122.5 248.0
122.60000000000001 249.20000000000002
122.7 248.4
122.80000000000001 249.60000000000002
122.9 247.8
123.0 248.0
123.10000000000001 249.20000000000002
123.2 249.4
123.30000000000001 248.60000000000002
123.4 248.8
123.5 249.0
123.60000000000001 249.20000000000002
123.7 249.4
123.80000000000001 250.60000000000002
123.9 251.8
124.0 251.0
124.10000000000001 250.20000000000002
124.2 252.4
124.30000000000001 251.60000000000002
124.4 252.8
124.5 253.0
124.60000000000001 251.20000000000002
124.7 251.4
124.80000000000001 251.60000000000002
124.9 251.8
125.0 253.0
125.10000000000001 253.20000000000002
125.2 252.4
125.30000000000001 252.60000000000002
125.4 252.8
125.5 253.0
125.60000000000001 254.20000000000002
125.7 253.4
125.80000000000001 254.60000000000002
125.9 253.8
126.0 254.0
126.10000000000001 255.20000000000002
126.2 256.4
126.30000000000001 255.60000000000002
126.4 254.8
126.5 256.0
126.60000000000001 256.20000000000005
126.7 256.4
126.80000000000001 257.6
126.9 257.8
127.0 258.0
127.10000000000001 256.20000000000005
127.2 256.4
127.30000000000001 257.6
127.4 257.8
127.5 259.0
127.60000000000001 258.20000000000005
127.7 258.4
127.80000000000001 259.6
127.9 258.8
128.0 260.0
128.1 260.2
128.20000000000002 260.40000000000003
128.3 259.6
128.4 260.8
128.5 260.0
128.6 259.2
128.70000000000002 261.40000000000003
128.8 261.6
128.9 261.8
129.0 262.0
129.1 260.2
129.20000000000002 262.40000000000003
129.3 262.6
129.4 261.8
129.5 261.0
129.6 263.2
129.70000000000002 261.40000000000003
129.8 261.6
129.9 262.8
130.0 263.0
130.1 262.2
130.20000000000002 264.40000000000003
130.3 262.6
130.4 263.8
130.5 264.0
130.6 264.2
130.70000000000002 265.40000000000003
130.8 264.6
130.9 264.8
131.0 265.0
131.1 266.2
131.20000000000002 266.40000000000003
131.3 264.6
131.4 266.8
131.5 266.0
131.6 266.2
131.70000000000002 267.40000000000003
131.8 266.6
131.9 267.8
132.0 267.0
132.1 267.2
132.20000000000002 268.40000000000003
132.3 268.6
132.4 267.8
132.5 269.0
132.6 269.2
132.70000000000002 268.40000000000003
132.8 268.6
132.9 269.8
133.0 269.0
133.1 268.2
133.20000000000002 269.40000000000003
133.3 269.6
133.4 268.8
133.5 271.0
133.6 269.2
133.70000000000002 269.40000000000003
133.8 270.6
133.9 270.8
134.0 271.0
134.1 272.2
134.20000000000002 271.40000000000003
134.3 272.6
134.4 270.8
134.5 272.0
134.6 273.2
134.70000000000002 273.40000000000003
134.8 273.6
134.9 272.8
135.0 273.0
135.1 272.2
135.20000000000002 273.40000000000003
135.3 274.6
135.4 273.8
135.5 273.0
135.6 274.2
135.70000000000002 274.40000000000003
135.8 274.6
135.9 274.8
136.0 276.0
136.1 275.2
136.20000000000002 275.40000000000003
136.3 274.6
136.4 275.8
136.5 277.0
136.6 275.2
136.70000000000002 277.40000000000003
136.8 276.6
136.9 277.8
137.0 278.0
137.1 277.2
137.20000000000002 277.40000000000003
137.3 278.6
137.4 276.8
137.5 279.0
137.6 279.2
137.70000000000002 278.40000000000003
137.8 278.6
137.9 278.8
138.0 280.0
138.1 279.2
138.20000000000002 279.40000000000003
138.3 280.6
138.4 280.8
138.5 279.0
138.6 279.2
138.70000000000002 280.40000000000003
138.8 281.6
138.9 280.8
139.0 282.0
139.1 281.2
139.20000000000002 280.40000000000003
139.3 280.6
139.4 280.8
139.5 281.0
139.6 282.2
139.70000000000002 282.40000000000003
139.8 282.6
139.9 283.8
140.0 284.0
140.1 283.2
140.20000000000002 284.40000000000003
140.3 283.6
140.4 284.8
140.5 285.0
140.6 283.2
140.70000000000002 285.40000000000003
140.8 285.6
140.9 285.8
141.0 285.0
141.1 285.2
141.20000000000002 286.40000000000003
141.3 284.6
141.4 285.8
141.5 287.0
141.6 286.2
141.70000000000002 286.40000000000003
141.8 286.6
141.9 286.8
142.0 288.0
142.1 287.2
142.20000000000002 286.40000000000003
142.3 288.6
142.4 288.8
142.5 287.0
142.6 289.2
142.70000000000002 287.40000000000003
142.8 287.6
142.9 289.8
143.0 288.0
143.1 288.2
143.20000000000002 290.40000000000003
143.3 290.6
143.4 289.8
143.5 290.0
143.6 291.2
143.70000000000002 290.40000000000003
143.8 290.6
143.9 290.8
144.0 292.0
144.1 292.2
144.20000000000002 290.40000000000003
144.3 292.6
144.4 290.8
144.5 292.0
144.6 293.2
144.70000000000002 293.40000000000003
144.8 292.6
144.9 293.8
145.0 292.0
145.1 294.2
145.20000000000002 294.40000000000003
145.3 292.6
145.4 294.8
145.5 295.0
145.6 294.2
145.70000000000002 293.40000000000003
145.8 294.6
145.9 294.8
146.0 295.0
146.1 294.2
146.20000000000002 294.40000000000003
146.3 294.6
146.4 295.8
146.5 297.0
146.6 295.2
146.70000000000002 296.40000000000003
146.8 295.6
146.9 297.8
147.0 298.0
147.1 297.2
147.20000000000002 297.40000000000003
147.3 298.6
147.4 297.8
147.5 297.0
147.6 299.2
147.70000000000002 297.40000000000003
147.8 298.6
147.9 299.8
148.0 300.0
148.1 300.2
148.20000000000002 300.40000000000003
148.3 298.6
148.4 298.8
148.5 299.0
148.6 301.2
148.70000000000002 300.40000000000003
148.8 301.6
148.9 300.8
149.0 302.0
149.1 302.2
149.20000000000002 301.40000000000003
149.3 301.6
149.4 302.8
149.5 302.0
149.6 303.2
149.70000000000002 303.40000000000003
149.8 303.6
149.9 301.8
150.0 302.0
150.1 304.2
150.20000000000002 304.40000000000003
150.3 302.6
150.4 302.8
150.5 304.0
150.6 304.2
150.70000000000002 305.40000000000003
150.8 305.6
150.9 303.8
151.0 304.0
151.1 306.2
151.20000000000002 304.40000000000003
151.3 306.6
151.4 306.8
151.5 305.0
151.6 306.2
151.70000000000002 305.40000000000003
151.8 307.6
151.9 306.8
152.0 306.0
152.1 306.2
152.20000000000002 306.40000000000003
152.3 307.6
152.4 307.8
152.5 308.0
152.6 308.2
152.70000000000002 308.40000000000003
152.8 308.6
152.9 308.8
153.0 309.0
153.1 308.2
153.20000000000002 309.40000000000003
153.3 310.6
153.4 309.8
153.5 311.0
153.60000000000002 311.20000000000005
153.70000000000002 309.40000000000003
153.8 310.6
153.9 309.8
154.0 311.0
154.10000000000002 312.20000000000005
154.20000000000002 311.40000000000003
154.3 311.6
154.4 310.8
154.5 311.0
154.60000000000002 311.20000000000005
154.70000000000002 312.40000000000003
154.8 313.6
154.9 311.8
155.0 314.0
155.10000000000002 312.20000000000005
155.20000000000002 314.40000000000003
155.3 312.6
155.4 313.8
155.5 314.0
155.60000000000002 314.20000000000005
155.70000000000002 315.40000000000003
155.8 314.6
155.9 314.8
156.0 314.0
156.10000000000002 314.20000000000005
156.20000000000002 316.40000000000003
156.3 315.6
156.4 316.8
156.5 315.0
156.60000000000002 316.20000000000005
156.70000000000002 315.40000000000003
156.8 317.6
156.9 315.8
157.0 318.0
157.10000000000002 318.20000000000005
157.20000000000002 318.40000000000003
157.3 318.6
157.4 318.8
157.5 317.0
157.60000000000002 319.20000000000005
157.70000000000002 317.40000000000003
157.8 319.6
157.9 318.8
158.0 320.0
158.10000000000002 319.20000000000005
158.20000000000002 319.40000000000003
158.3 318.6
158.4 319.8
158.5 321.0
158.60000000000002 320.20000000000005
158.70000000000002 319.40000000000003
158.8 321.6
158.9 321.8
159.0 322.0
159.10000000000002 320.20000000000005
159.20000000000002 320.40000000000003
159.3 320.6
159.4 322.8
159.5 321.0
159.60000000000002 323.20000000000005
159.70000000000002 323.40000000000003
159.8 321.6
159.9 322.8
160.0 323.0
160.10000000000002 323.20000000000005
160.20000000000002 324.40000000000003
160.3 324.6
160.4 324.8
160.5 324.0
160.60000000000002 325.20000000000005
160.70000000000002 325.40000000000003
160.8 325.6
160.9 324.8
161.0 326.0
161.10000000000002 324.20000000000005
161.20000000000002 326.40000000000003
161.3 324.6
161.4 325.8
161.5 326.0
161.60000000000002 325.20000000000005
161.70000000000002 325.40000000000003
161.8 326.6
161.9 326.8
162.0 326.0
162.10000000000002 328.20000000000005
162.20000000000002 326.40000000000003
162.3 328.6
162.4 326.8
162.5 327.0
162.60000000000002 328.20000000000005
162.70000000000002 328.40000000000003
162.8 327.6
162.9 327.8
163.0 329.0
163.10000000000002 328.20000000000005
163.20000000000002 330.40000000000003
163.3 328.6
163.4 330.8
163.5 329.0
163.60000000000002 329.20000000000005
163.70000000000002 329.40000000000003
163.8 331.6
163.9 329.8
164.0 332.0
164.10000000000002 332.20000000000005
164.20000000000002 330.40000000000003
164.3 330.6
164.4 330.8
164.5 331.0
164.60000000000002 331.20000000000005
164.70000000000002 331.40000000000003
164.8 332.6
164.9 333.8
165.0 332.0
165.10000000000002 332.20000000000005
165.20000000000002 334.40000000000003
165.3 332.6
165.4 333.8
165.5 333.0
165.60000000000002 335.20000000000005
165.70000000000002 333.40000000000003
165.8 333.6
165.9 335.8
166.0 336.0
166.10000000000002 336.20000000000005
166.20000000000002 334.40000000000003
166.3 334.6
166.4 335.8
166.5 336.0
166.60000000000002 335.20000000000005
166.70000000000002 336.40000000000003
166.8 336.6
166.9 337.8
167.0 338.0
167.10000000000002 337.20000000000005
167.20000000000002 336.40000000000003
167.3 336.6
167.4 338.8
167.5 339.0
167.60000000000002 338.20000000000005
167.70000000000002 338.40000000000003
167.8 337.6
167.9 338.8
168.0 340.0
168.10000000000002 338.20000000000005
168.20000000000002 338.40000000000003
168.3 338.6
168.4 339.8
168.5 339.0
168.60000000000002 341.20000000000005
168.70000000000002 340.40000000000003
168.8 339.6
168.9 341.8
169.0 341.0
169.10000000000002 340.20000000000005
169.20000000000002 341.40000000000003
169.3 342.6
169.4 342.8
169.5 342.0
169.60000000000002 342.20000000000005
169.70000000000002 343.40000000000003
169.8 343.6
169.9 341.8
170.0 344.0
170.10000000000002 344.20000000000005
170.20000000000002 343.40000000000003
170.3 342.6
170.4 343.8
170.5 343.0
170.60000000000002 345.20000000000005
170.70000000000002 345.40000000000003
170.8 345.6
170.9 343.8
171.0 346.0
171.10000000000002 345.20000000000005
171.20000000000002 344.40000000000003
171.3 345.6
171.4 346.8
171.5 347.0
171.60000000000002 345.20000000000005
171.70000000000002 346.40000000000003
171.8 346.6
171.9 346.8
172.0 346.0
172.10000000000002 346.20000000000005
172.20000000000002 347.40000000000003
172.3 348.6
172.4 347.8
172.5 348.0
172.60000000000002 348.20000000000005
172.70000000000002 349.40000000000003
172.8 348.6
172.9 349.8
173.0 348.0
173.10000000000002 350.20000000000005
173.20000000000002 350.40000000000003
173.3 348.6
173.4 350.8
173.5 350.0
173.60000000000002 350.20000000000005
173.70000000000002 350.40000000000003
173.8 349.6
173.9 350.8
174.0 351.0
174.10000000000002 351.20000000000005
174.20000000000002 352.40000000000003
174.3 352.6
174.4 350.8
174.5 353.0
174.60000000000002 353.20000000000005
174.70000000000002 352.40000000000003
174.8 351.6
174.9 352.8
175.0 354.0
175.10000000000002 353.20000000000005
175.20000000000002 354.40000000000003
175.3 354.6
175.4 353.8
175.5 353.0
175.60000000000002 353.20000000000005
175.70000000000002 353.40000000000003
175.8 354.6
175.9 354.8
176.0 354.0
176.10000000000002 354.20000000000005
176.20000000000002 356.40000000000003
176.3 354.6
176.4 354.8
176.5 357.0
176.60000000000002 355.20000000000005
176.70000000000002 357.40000000000003
176.8 356.6
176.9 357.8
177.0 358.0
177.10000000000002 358.20000000000005
177.20000000000002 356.40000000000003
177.3 358.6
177.4 356.8
177.5 358.0
177.60000000000002 358.20000000000005
177.70000000000002 357.40000000000003
177.8 357.6
177.9 359.8
178.0 359.0
178.10000000000002 359.20000000000005
178.20000000000002 358.40000000000003
178.3 359.6
178.4 358.8
178.5 361.0
178.60000000000002 361.20000000000005
178.70000000000002 359.40000000000003
178.8 360.6
178.9 361.8
179.0 361.0
179.10000000000002 362.20000000000005
179.20000000000002 361.40000000000003
179.3 362.6
179.4 361.8
179.5 362.0
179.60000000000002 363.20000000000005
179.70000000000002 362.40000000000003
179.8 362.6
179.9 363.8
180.0 363.0
180.10000000000002 363.20000000000005
180.20000000000002 364.40000000000003
180.3 362.6
180.4 362.8
180.5 365.0
180.60000000000002 364.20000000000005
180.70000000000002 365.40000000000003
180.8 363.6
180.9 364.8
181.0 364.0
181.10000000000002 366.20000000000005
181.20000000000002 364.40000000000003
181.3 366.6
181.4 366.8
181.5 365.0
181.60000000000002 367.20000000000005
181.70000000000002 365.40000000000003
181.8 366.6
181.9 365.8
182.0 367.0
182.10000000000002 366.20000000000005
182.20000000000002 368.40000000000003
182.3 367.6
182.4 366.8
182.5 367.0
182.60000000000002 368.20000000000005
182.70000000000002 368.40000000000003
182.8 367.6
182.9 368.8
183.0 368.0
183.10000000000002 368.20000000000005
183.20000000000002 369.40000000000003
183.3 369.6
183.4 368.8
183.5 370.0
183.60000000000002 371.20000000000005
183.70000000000002 369.40000000000003
183.8 369.6
183.9 370.8
184.0 371.0
184.10000000000002 372.20000000000005
184.20000000000002 371.40000000000003
184.3 370.6
184.4 371.8
184.5 371.0
184.60000000000002 373.20000000000005
184.70000000000002 373.40000000000003
184.8 371.6
184.9 373.8
185.0 373.0
185.10000000000002 372.20000000000005
185.20000000000002 372.40000000000003
185.3 372.6
185.4 374.8
185.5 375.0
185.60000000000002 374.20000000000005
185.70000000000002 375.40000000000003
185.8 375.6
185.9 375.8
186.0 374.0
186.10000000000002 375.20000000000005
186.20000000000002 375.40000000000003
186.3 376.6
186.4 375.8
186.5 376.0
186.60000000000002 377.20000000000005
186.70000000000002 376.40000000000003
186.8 375.6
186.9 377.8
187.0 378.0
187.10000000000002 378.20000000000005
187.20000000000002 376.40000000000003
187.3 378.6
187.4 378.8
187.5 378.0
187.60000000000002 379.20000000000005
187.70000000000002 378.40000000000003
187.8 378.6
187.9 379.8
188.0 378.0
188.10000000000002 380.20000000000005
188.20000000000002 379.40000000000003
188.3 378.6
188.4 380.8
188.5 380.0
188.60000000000002 380.20000000000005
188.70000000000002 381.40000000000003
188.8 380.6
188.9 381.8
189.0 380.0
189.10000000000002 382.20000000000005
189.20000000000002 382.40000000000003
189.3 381.6
189.4 382.8
189.5 381.0
189.60000000000002 383.20000000000005
189.70000000000002 381.40000000000003
189.8 381.6
189.9 382.8
190.0 384.0
190.10000000000002 382.20000000000005
190.20000000000002 382.40000000000003
190.3 382.6
190.4 384.8
190.5 385.0
190.60000000000002 385.20000000000005
190.70000000000002 383.40000000000003
190.8 383.6
190.9 383.8
191.0 386.0
191.10000000000002 384.20000000000005
191.20000000000002 385.40000000000003
191.3 384.6
191.4 384.8
191.5 386.0
191.60000000000002 386.20000000000005
191.70000000000002 385.40000000000003
191.8 386.6
191.9 386.8
192.0 388.0
192.10000000000002 388.20000000000005
192.20000000000002 388.40000000000003
192.3 388.6
192.4 388.8
192.5 389.0
192.60000000000002 389.20000000000005
192.70000000000002 389.40000000000003
192.8 388.6
192.9 387.8
193.0 389.0
193.10000000000002 390.20000000000005
193.20000000000002 389.40000000000003
193.3 388.6
193.4 389.8
193.5 391.0
193.60000000000002 391.20000000000005
193.70000000000002 391.40000000000003
193.8 389.6
193.9 391.8
194.0 390.0
194.10000000000002 390.20000000000005
194.20000000000002 392.40000000000003
194.3 390.6
194.4 392.8
194.5 392.0
194.60000000000002 392.20000000000005
194.70000000000002 393.40000000000003
194.8 392.6
194.9 393.8
195.0 394.0
195.10000000000002 394.20000000000005
195.20000000000002 393.40000000000003
195.3 392.6
195.4 394.8
195.5 393.0
195.60000000000002 395.20000000000005
195.70000000000002 393.40000000000003
195.8 394.6
195.9 395.8
196.0 395.0
196.10000000000002 394.20000000000005
196.20000000000002 394.40000000000003
196.3 394.6
196.4 395.8
196.5 396.0
196.60000000000002 395.20000000000005
196.70000000000002 397.40000000000003
196.8 396.6
196.9 397.8
197.0 396.0
197.10000000000002 397.20000000000005
197.20000000000002 398.40000000000003
197.3 398.6
197.4 396.8
197.5 398.0
197.60000000000002 398.20000000000005
197.70000000000002 397.40000000000003
197.8 398.6
197.9 399.8
198.0 398.0
198.10000000000002 398.20000000000005
198.20000000000002 400.40000000000003
198.3 399.6
198.4 399.8
198.5 399.0
198.60000000000002 399.20000000000005
198.70000000000002 401.40000000000003
198.8 400.6
198.9 401.8
199.0 401.0
199.10000000000002 401.20000000000005
199.20000000000002 402.40000000000003
199.3 402.6
199.4 400.8
199.5 403.0
199.60000000000002 403.20000000000005
199.70000000000002 401.40000000000003
199.8 403.6
199.9 401.8
