1
119579.98739999994
2
120379.61655149992
3
119579.98739999994
4
120379.61655149992
5
119579.98739999994
6
120379.61655149992
7
119579.98739999994
8
120379.61655149992
9
119579.98739999994
10
120379.61655149992
11
119579.98739999994
12
120379.61655149992
13
119579.98739999994
14
120379.61655149992
15
119579.98739999994
16
120379.61655149992
17
119579.98739999994
18
120379.61655149992
19
119579.98739999994
20
120379.61655149992
21
119579.98739999994
22
120379.61655149992
23
119579.98739999994
24
120379.61655149992
25
119579.98739999994
26
120379.61655149992
27
119579.98739999994
28
120379.61655149992
29
119579.98739999994
30
120379.61655149992
31
119579.98739999994
32
120379.61655149992
33
119579.98739999994
34
120379.61655149992
35
119579.98739999994
36
120379.61655149992
37
119579.98739999994
38
120379.61655149992
39
119579.98739999994
40
120379.61655149992
41
119579.98739999994
42
120379.61655149992
43
119579.98739999994
44
120379.61655149992
45
119579.98739999994
46
120379.61655149992
47
119579.98739999994
48
120379.61655149992
49
119579.98739999994
50
120379.61655149992
51
119579.98739999994
52
120379.61655149992
53
119579.98739999994
54
120379.61655149992
55
119579.98739999994
56
120379.61655149992
57
119579.98739999994
58
120379.61655149992
59
119579.98739999994
60
120379.61655149992
61
119579.98739999994
62
120379.61655149992
63
119579.98739999994
64
120379.61655149992
65
119579.98739999994
66
120379.61655149992
67
119579.98739999994
68
120379.61655149992
69
119579.98739999994
70
120379.61655149992
71
119579.98739999994
72
120379.61655149992
73
119579.98739999994
74
120379.61655149992
75
119579.98739999994
76
120379.61655149992
77
119579.98739999994
78
120379.61655149992
79
119579.98739999994
80
120379.61655149992
81
119579.98739999994
82
120379.61655149992
83
119579.98739999994
84
120379.61655149992
85
119579.98739999994
86
120379.61655149992
87
119579.98739999994
88
120379.61655149992
89
119579.98739999994
90
120379.61655149992
91
119579.98739999994
92
120379.61655149992
93
119579.98739999994
94
120379.61655149992
95
119579.98739999994
96
120379.61655149992
97
119579.98739999994
98
120379.61655149992
99
119579.98739999994
100
120379.61655149992
101
119579.98739999994
102
120379.61655149992
103
119579.98739999994
104
120379.61655149992
105
119579.98739999994
106
120379.61655149992
107
119579.98739999994
108
120379.61655149992
109
119579.98739999994
110
120379.61655149992
111
119579.98739999994
112
120379.61655149992
113
119579.98739999994
114
120379.61655149992
115
119579.98739999994
116
120379.61655149992
117
119579.98739999994
118
120379.61655149992
119
119579.98739999994
120
120379.61655149992
121
119579.98739999994
122
120379.61655149992
123
119579.98739999994
124
120379.61655149992
125
119579.98739999994
126
120379.61655149992
127
119579.98739999994
128
120379.61655149992
129
119579.98739999994
130
120379.61655149992
131
119579.98739999994
132
120379.61655149992
133
119579.98739999994
134
120379.61655149992
135
119579.98739999994
136
120379.61655149992
137
119579.98739999994
138
120379.61655149992
139
119579.98739999994
140
120379.61655149992
141
119579.98739999994
142
120379.61655149992
143
119579.98739999994
144
120379.61655149992
145
119579.98739999994
146
120379.61655149992
147
119579.98739999994
148
120379.61655149992
149
119579.98739999994
150
120379.61655149992
151
119579.98739999994
152
120379.61655149992
153
119579.98739999994
154
120379.61655149992
155
119579.98739999994
156
120379.61655149992
157
119579.98739999994
158
120379.61655149992
159
119579.98739999994
160
120379.61655149992
161
119579.98739999994
162
120379.61655149992
163
119579.98739999994
164
120379.61655149992
165
119579.98739999994
166
120379.61655149992
167
119579.98739999994
168
120379.61655149992
169
119579.98739999994
170
120379.61655149992
171
119579.98739999994
172
120379.61655149992
173
119579.98739999994
174
120379.61655149992
175
119579.98739999994
176
120379.61655149992
177
119579.98739999994
178
120379.61655149992
179
119579.98739999994
180
120379.61655149992
181
119579.98739999994
182
120379.61655149992
183
119579.98739999994
184
120379.61655149992
185
119579.98739999994
186
120379.61655149992
187
119579.98739999994
188
120379.61655149992
189
119579.98739999994
190
120379.61655149992
191
119579.98739999994
192
120379.61655149992
193
119579.98739999994
194
120379.61655149992
195
119579.98739999994
196
120379.61655149992
197
119579.98739999994
198
120379.61655149992
199
119579.98739999994
200
120379.61655149992
201
119579.98739999994
202
120379.61655149992
203
119579.98739999994
204
120379.61655149992
205
119579.98739999994
206
120379.61655149992
207
119579.98739999994
208
120379.61655149992
209
119579.98739999994
210
120379.61655149992
211
119579.98739999994
212
120379.61655149992
213
119579.98739999994
214
120379.61655149992
215
119579.98739999994
216
120379.61655149992
217
119579.98739999994
218
120379.61655149992
219
119579.98739999994
220
120379.61655149992
221
119579.98739999994
222
120379.61655149992
223
119579.98739999994
224
120379.61655149992
225
119579.98739999994
226
120379.61655149992
227
119579.98739999994
228
120379.61655149992
229
119579.98739999994
230
120379.61655149992
231
119579.98739999994
232
120379.61655149992
233
119579.98739999994
234
120379.61655149992
235
119579.98739999994
236
120379.61655149992
237
119579.98739999994
238
120379.61655149992
239
119579.98739999994
240
120379.61655149992
241
119579.98739999994
242
120379.61655149992
243
119579.98739999994
244
120379.61655149992
245
119579.98739999994
246
120379.61655149992
247
119579.98739999994
248
120379.61655149992
249
119579.98739999994
250
120379.61655149992
251
119579.98739999994
252
120379.61655149992
253
119579.98739999994
254
120379.61655149992
255
119579.98739999994
256
120379.61655149992
257
119579.98739999994
258
120379.61655149992
259
119579.98739999994
260
120379.61655149992
261
119579.98739999994
262
120379.61655149992
263
119579.98739999994
264
120379.61655149992
265
119579.98739999994
266
120379.61655149992
267
119579.98739999994
268
120379.61655149992
269
119579.98739999994
270
120379.61655149992
271
119579.98739999994
272
120379.61655149992
273
119579.98739999994
274
120379.61655149992
275
119579.98739999994
276
120379.61655149992
277
119579.98739999994
278
120379.61655149992
279
119579.98739999994
280
120379.61655149992
281
119579.98739999994
282
120379.61655149992
283
119579.98739999994
284
120379.61655149992
285
119579.98739999994
286
120379.61655149992
287
119579.98739999994
288
120379.61655149992
289
119579.98739999994
290
120379.61655149992
291
119579.98739999994
292
120379.61655149992
293
119579.98739999994
294
120379.61655149992
295
119579.98739999994
296
120379.61655149992
297
119579.98739999994
298
120379.61655149992
299
119579.98739999994
300
120379.61655149992
301
119579.98739999994
302
120379.61655149992
303
119579.98739999994
304
120379.61655149992
305
119579.98739999994
306
120379.61655149992
307
119579.98739999994
308
120379.61655149992
309
119579.98739999994
310
120379.61655149992
311
119579.98739999994
312
120379.61655149992
313
119579.98739999994
314
120379.61655149992
315
119579.98739999994
316
120379.61655149992
317
119579.98739999994
318
120379.61655149992
319
119579.98739999994
320
120379.61655149992
321
119579.98739999994
322
120379.61655149992
323
119579.98739999994
324
120379.61655149992
325
119579.98739999994
326
120379.61655149992
327
119579.98739999994
328
120379.61655149992
329
119579.98739999994
330
120379.61655149992
331
119579.98739999994
332
120379.61655149992
333
119579.98739999994
334
120379.61655149992
335
119579.98739999994
336
120379.61655149992
337
119579.98739999994
338
120379.61655149992
339
119579.98739999994
340
120379.61655149992
341
119579.98739999994
342
120379.61655149992
343
119579.98739999994
344
120379.61655149992
345
119579.98739999994
346
120379.61655149992
347
119579.98739999994
348
120379.61655149992
349
119579.98739999994
350
120379.61655149992
351
119579.98739999994
352
120379.61655149992
353
119579.98739999994
354
120379.61655149992
355
119579.98739999994
356
120379.61655149992
357
119579.98739999994
358
120379.61655149992
359
119579.98739999994
360
120379.61655149992
361
119579.98739999994
362
120379.61655149992
363
119579.98739999994
364
120379.61655149992
365
119579.98739999994
366
120379.61655149992
367
119579.98739999994
368
120379.61655149992
369
119579.98739999994
370
120379.61655149992
371
119579.98739999994
372
120379.61655149992
373
119579.98739999994
374
120379.61655149992
375
119579.98739999994
376
120379.61655149992
377
119579.98739999994
378
120379.61655149992
379
119579.98739999994
380
120379.61655149992
381
119579.98739999994
382
120379.61655149992
383
119579.98739999994
384
120379.61655149992
385
119579.98739999994
386
120379.61655149992
387
119579.98739999994
388
120379.61655149992
389
119579.98739999994
390
120379.61655149992
391
119579.98739999994
392
120379.61655149992
393
119579.98739999994
394
120379.61655149992
395
119579.98739999994
396
120379.61655149992
397
119579.98739999994
398
120379.61655149992
399
119579.98739999994
400
120379.61655149992
401
119579.98739999994
402
120379.61655149992
403
119579.98739999994
404
120379.61655149992
405
119579.98739999994
406
120379.61655149992
407
119579.98739999994
408
120379.61655149992
409
119579.98739999994
410
120379.61655149992
411
119579.98739999994
412
120379.61655149992
413
119579.98739999994
414
120379.61655149992
415
119579.98739999994
416
120379.61655149992
417
119579.98739999994
418
120379.61655149992
419
119579.98739999994
420
120379.61655149992
421
119579.98739999994
422
120379.61655149992
423
119579.98739999994
424
120379.61655149992
425
119579.98739999994
426
120379.61655149992
427
119579.98739999994
428
120379.61655149992
429
119579.98739999994
430
120379.61655149992
431
119579.98739999994
432
120379.61655149992
433
119579.98739999994
434
120379.61655149992
435
119579.98739999994
436
120379.61655149992
437
119579.98739999994
438
120379.61655149992
439
119579.98739999994
440
120379.61655149992
441
119579.98739999994
442
120379.61655149992
443
119579.98739999994
444
120379.61655149992
445
119579.98739999994
446
120379.61655149992
447
119579.98739999994
448
120379.61655149992
449
119579.98739999994
450
120379.61655149992
451
119579.98739999994
452
120379.61655149992
453
119579.98739999994
454
120379.61655149992
455
119579.98739999994
456
120379.61655149992
457
119579.98739999994
458
120379.61655149992
459
119579.98739999994
460
120379.61655149992
461
119579.98739999994
462
120379.61655149992
463
119579.98739999994
464
120379.61655149992
465
119579.98739999994
466
120379.61655149992
467
119579.98739999994
468
120379.61655149992
469
119579.98739999994
470
120379.61655149992
471
119579.98739999994
472
120379.61655149992
473
119579.98739999994
474
120379.61655149992
475
119579.98739999994
476
120379.61655149992
477
119579.98739999994
478
120379.61655149992
479
119579.98739999994
480
120379.61655149992
481
119579.98739999994
482
120379.61655149992
483
119579.98739999994
484
120379.61655149992
485
119579.98739999994
486
120379.61655149992
487
119579.98739999994
488
120379.61655149992
489
119579.98739999994
490
120379.61655149992
491
119579.98739999994
492
120379.61655149992
493
119579.98739999994
494
120379.61655149992
495
119579.98739999994
496
120379.61655149992
497
119579.98739999994
498
120379.61655149992
499
119579.98739999994
500
120379.61655149992
501
119579.98739999994
502
120379.61655149992
503
119579.98739999994
504
120379.61655149992
505
119579.98739999994
506
120379.61655149992
507
119579.98739999994
508
120379.61655149992
509
119579.98739999994
510
120379.61655149992
511
119579.98739999994
512
120379.61655149992
513
119579.98739999994
514
120379.61655149992
515
119579.98739999994
516
120379.61655149992
517
119579.98739999994
518
120379.61655149992
519
119579.98739999994
520
120379.61655149992
521
119579.98739999994
522
120379.61655149992
523
119579.98739999994
524
120379.61655149992
525
119579.98739999994
526
120379.61655149992
527
119579.98739999994
528
120379.61655149992
529
119579.98739999994
530
120379.61655149992
531
119579.98739999994
532
120379.61655149992
533
119579.98739999994
534
120379.61655149992
535
119579.98739999994
536
120379.61655149992
537
119579.98739999994
538
120379.61655149992
539
119579.98739999994
540
120379.61655149992
541
119579.98739999994
542
120379.61655149992
543
119579.98739999994
544
120379.61655149992
545
119579.98739999994
546
120379.61655149992
547
119579.98739999994
548
120379.61655149992
549
119579.98739999994
550
120379.61655149992
551
119579.98739999994
552
120379.61655149992
553
119579.98739999994
554
120379.61655149992
555
119579.98739999994
556
120379.61655149992
557
119579.98739999994
558
120379.61655149992
559
119579.98739999994
560
120379.61655149992
561
119579.98739999994
562
120379.61655149992
563
119579.98739999994
564
120379.61655149992
565
119579.98739999994
566
120379.61655149992
567
119579.98739999994
568
120379.61655149992
569
119579.98739999994
570
120379.61655149992
571
119579.98739999994
572
120379.61655149992
573
119579.98739999994
574
120379.61655149992
575
119579.98739999994
576
120379.61655149992
577
119579.98739999994
578
120379.61655149992
579
119579.98739999994
580
120379.61655149992
581
119579.98739999994
582
120379.61655149992
583
119579.98739999994
584
120379.61655149992
585
119579.98739999994
586
120379.61655149992
587
119579.98739999994
588
120379.61655149992
589
119579.98739999994
590
120379.61655149992
591
119579.98739999994
592
120379.61655149992
593
119579.98739999994
594
120379.61655149992
595
119579.98739999994
596
120379.61655149992
597
119579.98739999994
598
120379.61655149992
599
119579.98739999994
600
120379.61655149992
601
119579.98739999994
602
120379.61655149992
603
119579.98739999994
604
120379.61655149992
605
119579.98739999994
606
120379.61655149992
607
119579.98739999994
608
120379.61655149992
609
119579.98739999994
610
120379.61655149992
611
119579.98739999994
612
120379.61655149992
613
119579.98739999994
614
120379.61655149992
615
119579.98739999994
616
120379.61655149992
617
119579.98739999994
618
120379.61655149992
619
119579.98739999994
620
120379.61655149992
621
119579.98739999994
622
120379.61655149992
623
119579.98739999994
624
120379.61655149992
625
119579.98739999994
626
120379.61655149992
627
119579.98739999994
628
120379.61655149992
629
119579.98739999994
630
120379.61655149992
631
119579.98739999994
632
120379.61655149992
633
119579.98739999994
634
120379.61655149992
635
119579.98739999994
636
120379.61655149992
637
119579.98739999994
638
120379.61655149992
639
119579.98739999994
640
120379.61655149992
641
119579.98739999994
642
120379.61655149992
643
119579.98739999994
644
120379.61655149992
645
119579.98739999994
646
120379.61655149992
647
119579.98739999994
648
120379.61655149992
649
119579.98739999994
650
120379.61655149992
651
119579.98739999994
652
120379.61655149992
653
119579.98739999994
654
120379.61655149992
655
119579.98739999994
656
120379.61655149992
657
119579.98739999994
658
120379.61655149992
659
119579.98739999994
660
120379.61655149992
661
119579.98739999994
662
120379.61655149992
663
119579.98739999994
664
120379.61655149992
665
119579.98739999994
666
120379.61655149992
667
119579.98739999994
668
120379.61655149992
669
119579.98739999994
670
120379.61655149992
671
119579.98739999994
672
120379.61655149992
673
119579.98739999994
674
120379.61655149992
675
119579.98739999994
676
120379.61655149992
677
119579.98739999994
678
120379.61655149992
679
119579.98739999994
680
120379.61655149992
681
119579.98739999994
682
120379.61655149992
683
119579.98739999994
684
120379.61655149992
685
119579.98739999994
686
120379.61655149992
687
119579.98739999994
688
120379.61655149992
689
119579.98739999994
690
120379.61655149992
691
119579.98739999994
692
120379.61655149992
693
119579.98739999994
694
120379.61655149992
695
119579.98739999994
696
120379.61655149992
697
119579.98739999994
698
120379.61655149992
699
119579.98739999994
700
120379.61655149992
701
119579.98739999994
702
120379.61655149992
703
119579.98739999994
704
120379.61655149992
705
119579.98739999994
706
120379.61655149992
707
119579.98739999994
708
120379.61655149992
709
119579.98739999994
710
120379.61655149992
711
119579.98739999994
712
120379.61655149992
713
119579.98739999994
714
120379.61655149992
715
119579.98739999994
716
120379.61655149992
717
119579.98739999994
718
120379.61655149992
719
119579.98739999994
720
120379.61655149992
721
119579.98739999994
722
120379.61655149992
723
119579.98739999994
724
120379.61655149992
725
119579.98739999994
726
120379.61655149992
727
119579.98739999994
728
120379.61655149992
729
119579.98739999994
730
120379.61655149992
731
119579.98739999994
732
120379.61655149992
733
119579.98739999994
734
120379.61655149992
735
119579.98739999994
736
120379.61655149992
737
119579.98739999994
738
120379.61655149992
739
119579.98739999994
740
120379.61655149992
741
119579.98739999994
742
120379.61655149992
743
119579.98739999994
744
120379.61655149992
745
119579.98739999994
746
120379.61655149992
747
119579.98739999994
748
120379.61655149992
749
119579.98739999994
750
120379.61655149992
751
119579.98739999994
752
120379.61655149992
753
119579.98739999994
754
120379.61655149992
755
119579.98739999994
756
120379.61655149992
757
119579.98739999994
758
120379.61655149992
759
119579.98739999994
760
120379.61655149992
761
119579.98739999994
762
120379.61655149992
763
119579.98739999994
764
120379.61655149992
765
119579.98739999994
766
120379.61655149992
767
119579.98739999994
768
120379.61655149992
769
119579.98739999994
770
120379.61655149992
771
119579.98739999994
772
120379.61655149992
773
119579.98739999994
774
120379.61655149992
775
119579.98739999994
776
120379.61655149992
777
119579.98739999994
778
120379.61655149992
779
119579.98739999994
780
120379.61655149992
781
119579.98739999994
782
120379.61655149992
783
119579.98739999994
784
120379.61655149992
785
119579.98739999994
786
120379.61655149992
787
119579.98739999994
788
120379.61655149992
789
119579.98739999994
790
120379.61655149992
791
119579.98739999994
792
120379.61655149992
793
119579.98739999994
794
120379.61655149992
795
119579.98739999994
796
120379.61655149992
797
119579.98739999994
798
120379.61655149992
799
119579.98739999994
800
120379.61655149992
801
119579.98739999994
802
120379.61655149992
803
119579.98739999994
804
120379.61655149992
805
119579.98739999994
806
120379.61655149992
807
119579.98739999994
808
120379.61655149992
809
119579.98739999994
810
120379.61655149992
811
119579.98739999994
812
120379.61655149992
813
119579.98739999994
814
120379.61655149992
815
119579.98739999994
816
120379.61655149992
817
119579.98739999994
818
120379.61655149992
819
119579.98739999994
820
120379.61655149992
821
119579.98739999994
822
120379.61655149992
823
119579.98739999994
824
120379.61655149992
825
119579.98739999994
826
120379.61655149992
827
119579.98739999994
828
120379.61655149992
829
119579.98739999994
830
120379.61655149992
831
119579.98739999994
832
120379.61655149992
833
119579.98739999994
834
120379.61655149992
835
119579.98739999994
836
120379.61655149992
837
119579.98739999994
838
120379.61655149992
839
119579.98739999994
840
120379.61655149992
841
119579.98739999994
842
120379.61655149992
843
119579.98739999994
844
120379.61655149992
845
119579.98739999994
846
120379.61655149992
847
119579.98739999994
848
120379.61655149992
849
119579.98739999994
850
120379.61655149992
851
119579.98739999994
852
120379.61655149992
853
119579.98739999994
854
120379.61655149992
855
119579.98739999994
856
120379.61655149992
857
119579.98739999994
858
120379.61655149992
859
119579.98739999994
860
120379.61655149992
861
119579.98739999994
862
120379.61655149992
863
119579.98739999994
864
120379.61655149992
865
119579.98739999994
866
120379.61655149992
867
119579.98739999994
868
120379.61655149992
869
119579.98739999994
870
120379.61655149992
871
119579.98739999994
872
120379.61655149992
873
119579.98739999994
874
120379.61655149992
875
119579.98739999994
876
120379.61655149992
877
119579.98739999994
878
120379.61655149992
879
119579.98739999994
880
120379.61655149992
881
119579.98739999994
882
120379.61655149992
883
119579.98739999994
884
120379.61655149992
885
119579.98739999994
886
120379.61655149992
887
119579.98739999994
888
120379.61655149992
889
119579.98739999994
890
120379.61655149992
891
119579.98739999994
892
120379.61655149992
893
119579.98739999994
894
120379.61655149992
895
119579.98739999994
896
120379.61655149992
897
119579.98739999994
898
120379.61655149992
899
119579.98739999994
900
120379.61655149992
901
max depth
5.0 1000
None
